00000000000000000000000000000000000000000000000000000000000000000000000000000000000000000000000000000000000000000000000000000000000000000000000000000000000000000000000000000000000000000000000000000000
00000000000000000000000000000000000000000000000000000000000000000000000000000000000000000000000000000011100000002220000000000000000000000000000000000000000000000111100100000000000000000000000000000000
00000000000000000000000000000000000000000000000000000000000000000000000000000000000000000000000000000001110000002220000000000000000000000000000000000000000000000111111110000000000000000000000000000000
00000000000000000000000000000100000000000000000000000000000000000000000000000000000000000000000000000001100000222222202200000000000000000000000000000000000000001111111111000000000000000000000000000000
00000000000000000000000000001110000000000000000000000000000000000000000000000000000000000000000000000000000000022222222222000000000000000000000000000000000000001010011100000000000000000000000010000000
00000000000000000000000000001111000000000000000000000000000000000000000000002000000000000000000000002222200002220202220000000000000000000000000000100000000000000000000000000000000000000000000010010000
00000000000000000000000000000110000000000000000000000000000000000000000000002000000000000000000000022222220002222222222200000000000000000000000110111000000000000000000000000000000000000000001111111000
00000000000000000000000000000000000000000000000000000000000000000000000000022200000000000000000000022222200002222222022200000000000000000000001111111100000000000000000000000000000000000000000111100000
00000000000000000000000000000000000000220000000010000000000000000000000000000222000000000000000000002222202002222222200000000000000000000000000011111110000000000000000000000000000000000000000011000000
00000000000000000001000000000000000002222000000011000000000000000000000000002222200000001100000010000022222222022022220000000000000000000110000001000000000000000000000000000000000000000000000000000000
00000000000000000111100000000005000000200000000111000000000000000000022000002222220000011110000111000222202222220222220000000000000000000111000011110100000000000000000000000000000000000000000000000000
00000000033000000111100000000055550002222220000111100000000000000002222000002222200000111100000111100022222202022222200000000000000000001111010001010110000000000000000000000000000000000000000000000000
00000000033333000011110000555555050000222222000101100000000000000202222222022200200000110111001111000222222220022222200000000100000000011110111111111111000000000000000000000000000000000000000000000000
00000000003003333000110005555555550550220202001111110000000000002222222022222220000000010010000011020222220200002220000000001110000000111100011111110110010000000000000000000000000000000000000000000000
00000000333333330001110000055555505550002222001111000000000000022222222220202222000000000000000111022222222200002220000000000110010000001100011101110000011100000000000000000000100000000000000000033000
00000000033033333000100005550555555555000222200001000000000000022222222222222220000000000000000010022222222222002220000001111111111000000000001000100000111100000000000000020011110000000000000000033000
00000000033333333000000055555555555550022220222200000000000000000000220022220000000000000000000000222222222000000200000000111011111100000000000000000000001100000000000000220111110000000000000000003330
00000000033330333300000000555055550000000200000220000000000000000000222222200100000000000000033300022000222220000000000010111111111000000000000000000000111110000000000002220010110000000000000000030330
00000000003033033000000055555550050000000000222220000000000000000000220220201110000000000000333300022200220200000000000111110101110000000000000000000000010110000000000002222000110000000000300330333330
00000000003333333300000055555000000000000000022200000000000000000000000002200100000000000000003330220200020000000000000111010000011000000000000000000000000100000000002002222220000200000003333300033300
01100000003333303330000005550000000000000000000220000000101000000000000000000101011110000000003330020003000000000000000010000000010000000000000000000000000000000000022202222022222200000000030333330330
01101000033303033330000000000000000000000000000200000000111100000000000000111111111111000000003330000033300000000000011111000000000000000000000000000000000000000000022222222222222200000000000003333330
01101100333330333330000000000000000000000000000000000011111100000000000000111111011111000000033333333003000000000000011110000000000000000000000000000000000000000000220220222222002000000000001003033300
00111110300330333000000000000000000000000000000000000111111110000000000001111110011101000000033333330333333000000000001110000000000000000000000000000000000011000000220220220222220000000000001100003300
01100100333330333300000000000000000000000000000000000000111110000000000011111111001000000000003330033303330000000111000011000000000000000000000000000000000111100000222222222222200000000000111111003330
00110000333030000300002000000000000001100000000000000000000000000000000011111100000033300000003303333330300000011111100010000000000000000000000000000000000111000002222222022222200000000000010110033330
00000000333300000000022200000000330111100000000000000000000000000000000001000100033303033330003000033330000000111110000000000010000000000000000000000000000011110000022202222222222200000000000000333300
03333003333000000002222200000000030011110000000000000000000000000000000000000000033333333330000000333330000001110111100000010111000000000000000000000000000001010000000000022222202200000000000000030300
03333333000000000002222202000000033000100000000000000000000000000000000000000000000303333000000000333330000000111111100000110111100000000000000000000000000011100000001011000222222020000000000000033300
03033330033000000022020202000000333330003000000000000000000000010000000000000000010033333330000000030030000001111111000000111111100000000000000000000000000001000000001011110222202220000000000033330330
00330000330300000222222222200000333333303300000000000000000111110000000000000000011030333033000003333333300000011100000001111111000000000000000000000000000000000000111111110222200220000000000003003330
03330030033330000222222222200003333000333300000000000000001111111000000000000001111000033030000030333300000000111110000000001100000000000000000000000000000000000001110111000222000200000000000003030330
00033333333330000222202022200003333330033033000000000000000110110000000000000000011100333333030330333000000000011111000000001100000000000000000000000000000000000000110001000220000000000000000003333300
03033030333300222222220220200033003300333333000000000000020001100022000000000000001110333033333333333000000000001110000000000000000000000000000200000000000000000000000000000000000000000000000003303000
03333300030302222022222222220000033030033300011001000000022200002222200000000000011000333303033333333300000000111100000000000000000000000000002222000000000000000000000000000000000000000000000003333300
03030001033000222222222222220000033330000330111111100002202222002222200000000000001110330300003333000000000000001000000000000000000000000000002202000000000000000000000000000000000000000000000000333300
03330011000010000022202222200000333030020030111111100002202222202222000000000000001000030333000300000000000001011110000000000200000000000002222202200000000000000000000000330000003000000000000000033330
03330111110010010022220202200000030000222000111111102222222002222202000000000000011103333030000000000000000011111100000000000220020000000022222222000000000000000000000003333030303300000000000010033330
03030111111111111000220002000000000020222200001110102222222222222222200000000000001003333300000000000000000011001110000000000222222200000000222222200000000000000000000003033330303000000000110111003300
03300001111111100000200000000000022222020000000110002222002222222202000000000000000003333333000000000300000001011000000000010022222200000000220222220000000000000000000003033333333000000001111110000000
00000000011111100000000000000000222222222200000000000222000222222222000000000000000033333333300300303330000000000000000000011020220200000202222222000000000000000000000000033333033300000000111110000000
00000000111001100000000000000000022222220220000000000200000002202200000000000000000003330303330333333000000000000000000011111022220000022222222222200000000000000000000003003333330300000000011000000000
00000000010011100000000000000000222222220200000000000000000100222200000000000000003000000303300303333330030000000000000011110002022200222202202222200000000000000000000033333303330000000000000000000000
00000000000001000000000000000000022022222222000000000000001110020000000000000000003000000000000333333300330000000000000001110222022002222222222222020000000000000000000000303333033333000000000000000000
00000000000000000000000000000000022200202222000000000000011111000000000000000000333000000000303030333333300000000000000000100222220000002200002222222000000000000000000000300333333030000000000000000000
00000000000000000000000000010000002002220020000000000000111100011000000000000000003333300003333330333030300000000000000000110000200000000000100220220000000000000000000000000033333330000000000000002000
00000020200000000000000000110000000002220000000000001100011101111100000000000000333333330000333300330000330000000000000011111000000000001010110200020300030300000000000000000033033333300000000111102220
00000022200000000000000000111000000022220000000000001111000011111000000000000003333003000000033330033033333000000000000111010000000000011111110200000303333333000000000000000303330003000000000111100200
00022222222000000000000000011000000002200000000000010111100001110000000000000000033333000000003330000003330000000000301111100300000000000110110003333333033033333000000000000333333000000000011111110200
02222002222200000000000001110000000000000000000000011110000000000000000000000000003000000000000300000000300000000033301101100333000000000111110333333033333333033000000000003333300000000010011111100220
02222222200020000000000001100000000000000000000000011000000000000000000000000000003000000000000000000000000000000000300011103333330333000011100030300003033330330022000000000030001000100111101000002200
00022220222022000000000000100000000000000000000000000000000000022000000000000000000000000000000000000000000000000033333001000333303300000010000000330033003033330222220000000030011011110111110022202020
02222022222220000000000000000000000000000000000000000000000000222200000000000000000000000000000000000000000000000003333300033303333330000000000000333303333333000220222000000030011111111101100202222220
00220002222200000000000000000000000000000000000000000000000000222200000000000000000000000000000000000000000000000003303333333333330300000000000003033333330333302222222200000000011111111000002220220220
00000002222000000000000000000000000000000000000000000000000000022220000000000000000000000000000000000000000000000000000033333333000000000000000033333033333033002222222000000100000100001000000222022220
00000000222202000000000000000000000000000000000000000000000002222222200000000000000000000000000000000000000010000000000030333333330000000000000003033303030000020202220000001100111110000000002222202200
00000000222222220000000000000000000000000000000000000000000000222202000000000000000000000000000000000000000111000000003333333333300000010000000003333003000200022222000000001110111100000000222000222220
00000000222220222200200000000000000000000000000000000000000000022222000000000000000000000000000000000000000111100000333333033333330000111000000000000000022222222222222000011111101000000002222010222000
00000002200022222202220000000000000000000000000000000000000000222020000000000000000000000000000000000000000111110000033000000333333001111000000000000022202222222222220000000101000000000000200010002220
00000000220022022022220000000000000000000000000000000000000000022000000000000000000000000000000000000000000011111000000000000333333011110000000000000222222202202220000000000100000000000000001011102200
00000000000000022222200000000000000000000000000000000000000000222000000000000000000000000000000000000000000001110000000000000033330011110000000000000002022222202220000000000000000000000000011111002220
00000011111010002222000000000000000000000000000000000000000000022000000000000000000000000000000000000000000000000000000000000000330001110000000000000000000000222220000000000000000000000000001111002220
00000001111111102002000000000000000000000000000000000000000000220000000000000000000000000000000000000000000001000000000000000000000000100000000000000000000100022200000000000000000000000000001111102020
00000011101111102222220000000000000000000000000000000000000000020000001000000000000000000000000000000000000011100000010000000000000000000000000011100000001111002000000000000000000000000000000111002020
00000000100111000222000000000000000000000000000000000000000000000000011100000000000000000000000000000000000001100000010000000000000000000000111011110000011111000000000000000000000000000000000011002000
00000000000010022222001100000000000000000000000000000000000000000000011100000000000000000000000000000000000001100011010000000000000000000001111111100000011101000000000000000000000000000000000000000000
00000000222000220222011110000000000000000000000000000000000000000000001110000000000000000000000000000000000001110111111000000000000000000001101000000000000110000000000000000000000000000000000000000000
00000000022222222222011100000000000000000000000000000000000000000000001110000000000000000000000000000000000111100011110000000000000000000011100055005500001100000000000000000000000000000000000000000000
00000000000002222202001110000000000000000000000000000000000000000004000100000000000000000000000000000000000011111001111000330000000000000000005505505550000100000000000000000000000000000001000000000000
00000000000100022222000100000000000000000000000000000000000000040404400000000000000000000000001000000000000001111000010003333000000000000000055505055550000000000000000000002002200000111111000000001010
00000000011110022222000000000000000000000000000000000000000000044444400000000000000000000000111111010000000111111110000030330303000000000000005555555550000000000000000000022022222000111111100001111110
00000000011111020220000000000001110001100000000000000000000000444440000000000000000000000000111101111000000011111100033033333333000000000000555555055555000000000000000002222222222200001111000000110110
00000000001110000220000000000011111111100000000000000000000000444044440400000000000000000000011100000000000011100000003300333300000000000000050555555050000000000000000222222200022000011110000000000000
00000000001100000000000000000001001101000000000000000000000000440444444400000000000000000000000000000000000000000003033303330301000000000000000055555550000000000000000022202222220000001000000000000000
00000000000100000000000000000000000110000000000000000000000004444444444400000000000000000000000000000000000000000033333303300001100000000000000550500550000000000000000002222222202200000000000000000000
00000000000000000000000000000000001110000000000000000000000000404404444440000000000000000000000001110000000000000000330333303001000000000000000055500500000000000000000000222222002200000000000000000000
00000000000000000000000000000000000100000000000000000000000000044440444400000000000000000000000111111000000000000033333330303011100000000000000055500000000000000000000000020202022222000000000000000000
00000000000001110100000000000000000000000000000000000000000004444444440440000000000000000000000111111000000002000003303330333011100000000000000055550000000000000000000000222202222222000000000000000000
00000000000111111110000000000000000000000000000000000000000044444444400440000000000000000000000011011000000202200000000333303001000000000000000005500000000000000000000000022222222200000000000000000000
00000000000001111100000000000000000000000000000000000000000004004444000000000000000000000000000000010002222222200000000030333300000000000000000000000000000000000000000000000022202000000000000000000000
00000000005500111100000000000000000000000000000000000000000000444044400000000000000000000000000000000022222022200000000333330300000000000000000000000000000000000000001000000002200000000010000000000000
00000000005550001000000000000000000000000000000000000000000044444044440000000000010000000000000000000022202222220000000330000300000000000000000000000000000000000000101000000022200000000111100000550050
00000500505550000000000000000000000000000000000000000000000404444444400000000000011000000000000000000022222222222200000000000000010000000000000000000000000000000001111100000000000000001111110000550550
00005555550500000000000000000000000000000000000000000000004400444044000000000000110100000000000000000022222020222000000000000000111000000000000000000000000000000001111000000110000000000111110005555500
00005555055555000000000000000000000010000000000000000000004444444440000000000000011110000000000000000222222222000020002020000011111110000110110000000000000000000000110000001111000000000011100555055550
00100555555555000000000000000000100110000000000000000000000444400440000000000000011000000000000000000002220220022220022222000011111100001111111000000000000000000000010000001110000000000000000555055550
01100055555500000000000000000000101111100000000000000000000044004440000000000000000000000000000000000000022222002222222220000011110100011111110000000000000000000000000010000111000000000000000550555050
01105555555555500000000000000001111110000000000000000000000000000400000000000000000000000000000000000011020220000222202200000010000000001010000000000000000000000000000111101100000000000000000555555550
01100050555050000000000000000000101100000000000000000000000000000001000000000000000000000000000000000011002222222022222200000000000000000010000000000000000000000000000011011100000000000000000055555550
01110555550555000000010000011000000000000000000000000000000000000011000000000000000000000000000000000001100000202022222000000000000000000000000000000000000000000000000011111000000000000000000555550550
01000555550050000101011001111110002222000000000000000000000000000111000000002000220000000000000000000001000100022222222011110000000000000000000000000000000000000000000111100000000000000000000055505500
01000055550000000111111011111100002222200200000000000000000011001110000000022202220000000000000000000001111111002222222001100000000000000000000000000000000000000000000010110000000000000000000550055550
00000005550000001111110001111100002222002222000000000000000111101111100000000222220002000000000000000001110111102022220201111000000000000000000000000000000000000000000000100000000011110110000050050550
00000000550000001111100000010000002222222220000000000000000111000111100000022222220022000000000000000001111011102222222200010000000000000000000000000000000000000000000000000000000011111111000000000050
00000000500000000001000000000000022222222020000000000000000010000011000000000220222222220000000000000011010001002222020000111000000300000000000000000000000000000000000000000200000001111110000000000000
00000000000000000000000000000000002022222222220000000000000000000000000000000022222222220000000000000001000000022222000100010003003300000000000000000000000000000000000000222220000001010000000000000000
00000000000000000000000000000000000000222222200100000000000000000000000003033000220222220000002000011000000000202222010111000333000303000000000000000000000000000000000220222200000000010000000000000000
00000000000000000000000111100000000002202202001110000000000000000000000333330000022202220000022000111110000002222200011110000330330333000000000000000000000000000000000222222202000000000000000000001110
00000000000000000000000010100000000002222222201110000000000011000000000033333303020200220000002220011110000000222200110111033333333330000000000000000000000000001010002222220002220000000000000000001110
00000000000000000000001111110000000002222022200111000000001111110000000003330333000002222000022200000000000000020001111000003330003033330000000000000000000000011111002022222222020000000000000000000010
00000000000000000000001111111000000000222022001100000000011111100000000330033333330022222202222200000000000002220000010000000300330330330000000000000000000000111111002222220220222222000001000000000110
00000000000000000000000010110000000000000000000110000000111110000200000330003303330222222222222200000000000000022000000000003333333033333000000000000000000000011111002202222222222200000111100000001110
00000000000000000000000000000000000000000000000110000000011110002220033330333333330022022222222220000000000002220000000000000333030333000040000000000000000000001111102222220222220220000010000000200110
00000000000000000000000000000011000000000000000100000000000000002200033303333033330002222220222200000000000000220000000000303030333300040044000000000000000000500011002222222022222220000111000222220000
00000000000000000000000000000111100000000000001110000000000222222200000333030003030222222220000000000000000000000000000000303333333304444444400004000000000550505001022222022220000000111110002222222220
00000000000000000000000000000011100000000000000110000000022222222220000030000003330222202222000000000000000000000000000000333333333304444404444004000000005555555500000000222200110000011110000002222220
00000000000000000000000000000110000000000000000100100000022022222220000333000000000222222222200000000000000000000000000000300333333300444444040444400000005555555500001010002001110000001100000200222200
00000000000000000000000000011111000000000000000011110010002220222200000030000000100222222022000000000000000000000000000000303303330300444444444444440055055555555500011111100000111000001100002222222220
00000000000000000000000000000110000000000000000110110111102222222000000000000011110222222020200000000000000000000000000000333303300304444044444444400555055555505550011111000001111100011000000222222220
00000000000000000000000000000000000000000000000111111111100222020000000000000111110000002022220000000000000000000000000000003333000000404044044044405050555555555550000110000011101001011000000222222220
00000000000000000000000000000000000000000000000111010010110222022000000000000010000000002222200000000000000000000000000000000333300004404444404044405055555555055500000010000001110001110000000000022200
00000000000000000000000000000000000000000000000011111000110222222200000000000000000000002000000000000000000000000000000000000003000044444444404044405055555555055550000000000001000001111000000002222020
00000000000000000000000000000000000000000000000000110011110222222200000000000000000000000000330000000000000000000000000000000000000040444440400004005555555555555555000000000300000001110000000000220000
00000000000000000000000000000000000000000000000000100001000222222220000000000000000000300333333000000000000000000000000000000000000444440444440000055550555555555000000000000333330011100000000000000000
00000000000000000220000000000000000000000000000000000000002222002222200000000000003333300333300000000000000000000000000000000000004444444444000000055555555555550000000000033303330001100000000000000000
00000000000000000222000000000000000000000000000000000000022002202020000000000000033333333333000000000000000000000000000000000000000044444400000000050555555500500000000000003333333000000000000000000000
00000000000000000220000000000000000000000000000000000000002222222220330330000000333303333330330000000000000000000000000000000000000444444440000000555555055000000000000000000330330000000000000000000000
00000000000000000220000000000000000000000000000000000000002220220000330330030000303333333303330000000000000000000000000000000000000044444400000000555555505000000000000000000300300000000000000000000000
00000000000000002220000000000000000000000000000000000000000000220033330333030033333333303333333330000000000000000000000000000000000444040000000000005505000000000000000000000333000000000000000000000000
00000000000022022202200000000000000000000000000000000000003302200303033033333333033330303003330300000000000000000000000000000000000040040000000000050555000000000000000000030333300000000000000000000000
00000000000222222222220000000000000000000000000000000000000300203330333333333333333333000003330000000000000000000000000000000000000000000000000000555555000110000000000103333333330000000000000000000000
00000000002200022222220000000000000000000000000000000333303330003333333303333333333300030000300000000000000000000000000000000000000000000000000000555550001110000000010100303333300000000000000300000000
00000000000220222222220001000000000000000000000100000303033333333333033333333330333033033000000000000000000000000000000000000000000000000000000000050000000111100000111110033030000000000000033330000000
00000000000222202222000011100000000000000000000100000303333333003333333033333300000033333000000000000000000000000000000000000000000000000000000000000000000111000000001110003000000000000003033300000000
00000222002222022202200011100000000000000000001110100333333330330030303333330000030003333000000000000000000000000000000000000030000000000000000000000000000010000000111110000000000000000033333330000000
00022222222220220002200001000000000000000000001111110333333333330000333033300000033033333000000000000000000000000000000000000333300000000000000000000000000000000000010110000000000000000003333330000000
00222020222222220022000011110000000000000000001111110303333333333000033330330330033333030000000000000000000000000000000000000003330000000000000000000000000000000000001110000000000000000000000333000000
00022222222220000022200110011000000000000000011010100303003000000000000003333333333333000000000000000000000000000000000000000003333000000000000000000000000000000000000000000000000000000000033303000000
00002222222220000022220011111100000000000000001010000303333300200000000003333333330330000000000001000000000000000000000000000000030300000000000000000000000000000000033000000001100000000000033333000000
00222022202220000002220000011000010000000000000000000000003002222000000003303303330300000000000001110000000000000000000000003000330330000000000000000000000000000003333300000011110000000000030030000000
00002220022222000000200000000000011100000000000000001101000000222200000000300033333300000000000001110000000000000000000003333300333300000000000000000000100000000033333000000111110000000000000033000000
00020022222220000000000000000000111000000000000000011111000002202200000000000003030333300000000001111000000000000000100000003333330000000000000000222011111000000033333000001111110100000000000000000000
00222222220000000000000000000011111000000000000000011111110002222000000000000100330033000000000001111000000000000001110000333333000110000000000002222001111000000033303000000101101100000000000001111000
00020202020000004040000000000011111100000000000000001111000002200000000100011110333003300000000001110000000000000001110000030030011111000000000022222200010000000000330000330000011110000000000001111000
00000022200000044444000000000001101100000000000000001111022220200200001111110110030003000000000000000000000000000000101003300330111111000000000002222222000000000003333033330000011111000000000001111100
00000222000000044444000000000000001000000000000000200110022222200200001111111111000000000000000000000000000000000001111103333330111000000000000022202222220000000333303333300000001110000000000111110000
00000020040400044444000000000000000000000000000002200000222222222200001111111100000000000000000000000000000000000011110000033330010000000000000002222222000000003333003333330011011111000000000011110000
00000000444400444440440000000000000000000000000000222222220200220000000100100100000000000000000000000000000000000000100303033333000000000000000000222200010000000033333033330111111110000000000001111000
00000000044444404444444000000000000000000000000000000022222222222220000000000000000000000000000000000000000000000000003333333033030000000000000022222000111000030333030003300011100100000000000011111100
00000000040044404444444400000000000000000000000000055022222222222222000000000000000000000000000000000000000000000000033033303333333000000000000002222011110000330333333003330000110000000000000111101100
00000000444444044404404000000000000000000000000005555000002222202222000000000000000000000000000000000000000000000010000333030333000000000000000000220011110000333303333033330001100000000000000011000000
00000000044444440444000000000000000000000000000050055555000220000220010000000000000000000000000000000000000000000011000003333300000000000000000022220011110000003333333000300000100000000000000110000000
00000000000444404440000000000000000000000000000050550555500220110220110000000000000000000000000000011000000000011111000000333333300000000000000022220000110000000330000003330000000000000000000010000000
00000000000044444404000000000000000000000000000555550555550000110020011000000000000000000000000000111000000000111110000033330333330000000100202222220000000000000333000000300000000000000000000000000000
00000000000444444444000000000000000000000000000055555555555001111000011000000000000000000000000000111000000001111100000030000033300000101110222202222200000030003333300000000000000000000000000000000000
00000000000444404444000000000000000000000000005500555555555501111110111110000000000000000000000000110000000000110100000000100000000001110100222222222220003333333330000000000000000000000000000000001110
00000000004444440040000000000000000000000000005555555555550001111101111000000000000000400000000000011000000110000000000010111000000000111100222022222222000333303330000000000000000000000000000000011110
00000000000444444000000000000000000000000000000550550555550111111000010000000000000044440000000000010000001110000000000111111100000001101110222222022022030033030333000000000000000000000000000000011110
00000000000000400000000000000000000000000000000000550550000011111000000000000000000444444000000000000000011110011000000011111100000000001100202022002220033333333330000000000000000000000000000000001110
00000000000000001110000000001000000000000000000000050000000011110000000000000000004444044400000000000000000110111111000000101100000000000002220222022200030333333300000000000000000000000000000000000010
00000000000011111000100000011111000000000000000000000111111011100000000000000000004444440000000000000000001110001111033001101000000000000000200022220000300303333330000000000000000100000000000000000010
00000000000001011111100000011110100000000000000000000110111111100000000000000000000444444000000000000000000100001100003300000000000000000000000022020030333330333300000000000000000101000000001100000000
00000000003301111001110000001111100000000000000000000001111000000000000000000000040440440444000400000000000000000100000333303330000000000000000002000030333330330000000000000000011111100000011111000000
00000330033300001000100000000011110000000000000000000000110000000000000000000000444444444044044440000000000000000003003333333330033000000000000000033330330330333000000000000000011001000000000110000000
00000033303333300000000000000010110000000000000000000000000000000000004000000044444444444440444440000000000000000033333303033333333300000020000000333333330000030000000000000000011110000000000110000000
00000033030330333330000000000000100000000000000000000000000000004004444400000444444044444044440440000000000000000003300000303333033330000222200000333333330300000000000000000000001000000000001100000000
00000033030330333000000000000000000000000000000000000000000000044444444400000044044404444444444444000000000000000003333333333033333300000222200000000330333333001000000000000000000000000000000100000000
00000003333333333333003000000000000000000000000000000000000000004444440004000044440444440004440040000000000000000000303033333303333330022222000002000303033000011100000000000000000000000000000000000000
00000003303300333333333300000000000000000000000000000000000000044440440444440004400044440444440000000000001000000000000333333033303330222220200222203333333011111100000000000000000000000000000000000000
00000000000333333303303000000000000000000000000000000000000000404404440444444004444000444404444000000000011110000002220033303333330000222222220222000333300001011000200000000000000000000000000000000000
00000000033333033330330000000000000000000000000000100000000004444444444444444000440000044444444000000000000101000022222003000333330020220022222222200330000000000022220000000000000000000000000000000000
00000000003330030033330000000000000000000000000011110000000004444444444444444440040000000040444400000001111111100022220200000300300222222222022022000000100000002222222020000000000000000000000000000000
00000003333030000000300000000000000000000000001111000000000000044040444404444444000000000000444400000000000110000002222220000000000022222222022220220011111000022022020220000000000000000000000000000000
00000033333000000000000000000000000000000000000111000000000004444440444404444440000000000000044000000000001100000022222222000001111002222022202222220001110000022202022202000000000000000000000000000000
00000003330000011100000000000000000000000000000111100000000004400444440400440400010000000000000000000000000100000022222222200001111102222222222222222001000000220022222222200100000000000000000000000000
00000000000000111110000000000000000000000000001111000000000004444440444004444001111000000000000000000000000000000022222222220011111102002220222222200010000000222222222022001101000000000000000000000000
00000000000000011100000000000000000000000000001111030303300004444044004004444011011000000000000000000000000000000002200222220000110102222200002022220111000002222002222222011111100000000000000000000000
00000000000000000000000000000000000000000000001111033333330044440444000000044011111000000000000000000000000000000002202002220101100000022000002222220111100000222022222222001111110000000000000000000100
00000000000000000000000000000000000000000000000110030000333040044444400001040011111100000000000000000000000000000022222022200111100010000000222222200111100000002222000202000001100000000000000000101110
00000002020000000000000000000000000000000000000000330000003000044444440011000111101000000000000000000000000000000002022200001111000011000000022222220111000000002022220000000001000000000000000001111100
00000002020200000000000000000000000000000000003333333000003030044444440111111010000022000000111000000000000000000002222220111110100110000000000022220000000000000220200000000000000000000000000001111110
00000022222200000000000000000000000000000000000033300000003330444444400001111100002222200001111100000000101100000000222220111100111111000002222220222000000000000022200000000000000000000000000000011000
00000202222222000000000000000000020000000000000333333330003330044440000001111000202222200000111000000011111100110022222220010000111111000002220022202000000000000022200000000000000000000000000000000010
00000222222200000000000010000000222222200000333303333333003330044440000001110002222220000000000000000011111111111002022022000001100000000002220022202220000000000002000000000000000000000000000000000010
00002222222000000000000011000110022222220000033333333330003033004440000000100022202220020000000000000011111110100000222220000001110000000000000022222222000000000000000000000000000000000000000000000000
00002022222200000000000111001111022222000000033000333030003333000000000000002222002000222200000000000001111011100000022000000000100000000000000222222022200000000000000000000000000000000111110000000000
00000222202000000000000011111110002022200200000000333000033033330000000000222222222202222220000000000000111111000000002002000000000000000000002222222222200000000000000000000000000000011110110000000000
00000002000000000000033010111100022222222220000000033000000330300000000000022202222222222222000000000000010010000000000002202000000000000000002222202202200000000001000000000000000001001111110000000000
00000000000000000000003000010102222222200000000000000000000033333000000000000022222222220220000000000000000000000000000222002200000000000000002222022202000000000011101010000000000011100101100000000000
00000000000000000000303000000002222222022220000000000000003330300000000001000022222222222000000000000000000000000000002222022200000000000000000202222220000000000001011111000000000011100011000000000000
00000000000000000033303330000022022222222220000000011100333303000000000011000000222222222000000000000000000000000000000202222220000000000000002222222222000000000011111110000000000011111001000000000000
00000000000000000000303030300022000000222200000000111110333333033300000111010000022022020000000000000000000000000000000022022220001000000000000022222222000000000011111111000000000111100000000000000000
00000000000000000003333333330022011102200220000001111100333033333300000111111000000002000000000000000000000000005000500202202220111100000000000222222222200000000000110000000000000011100000000000000000
00000000000000000033300003033002011100000200111101010003330333330000000010011000000000000000000000000000000000555505550222202220001100000000000002022200000000000000000000000000000001000000000000000000
00000000000000000003033033333300011100100000011111100333300033330200000000010000000000000000000000000000000000555555550222222220001100000000000022200001000000000000000000000000000000000000000022022200
00000000000000000000303333300333011101110000111111003333000333300220000000000000000000000000000110000000000005555555500220220000001000000000000220200111100000000000000000000000000000000000000222002200
00000000000000000000333330330333001001111000011010030333300300002220000000000000000000000000001111100001000000055555500222222200000000000000000020001111100000000000000000000000000000000000000022202220
00000000000000000000033333030033000000111100001010333303333302002220000000000100000000000000001111110111000000055555550222222220000000000000000000000011000000000000000000000000000020000000000222222000
00000000000000000030333333300000000011111000000000333033300002022200000000000111100000000000000111100111110005555555500002222220000000000000000000000111000000000000000000000000000220002220000222222000
00000000000000000330003330001000000001101000000003003033300222222222000000011111100000000000000100000011110000000555555002022000000000000000000000000011000000000000000000000000000220222220000222020200
00000000000000000333330030011100000010111030030033333033000022222222202000111100111000000000000000000000100000000555555502222020000000000000000000000000000000000000000000000000000220202200000002022220
00000000000000000030333333011000000111110033033330003330000002002222222200111110011111000000000000000001100000005555550002222222000000000000000000000000000000000000000000000000000222222200002220222200
00000011110000000333033300001100000111110033303330033300000022222222202000011000011111100000000000000011110000005505500022222222000000000000000000000000000000000000000000000000222202202200022222222000
00000001010000000030330330011100000011110000333300003000020002222222222000000000011011000000000000000001100000000500000022202220000000000000000000000000000000000000000000000000002202222000002222220000
00010011111100000000000000000000000000100333033000003300222022220222222220000010011000000000000000002201100000000000001000000200000000000000000000000000000000000000000000000022022222200000000022220000
00111000011110000000001110000000000000000003330020000000220222220220020200000111010000000000000000002200000000200000001011000000000000000000000000000000000000000000000000002222220222001100000222000000
01110001111000000000000111100000000000000000330220202202220202222222000000000011110000000000000000222222220000220000011011100000000000000000000000000000000000000000000000022220222202011101000020000000
01101010111100000000001111000000000000000000300220222220202002202222000000000011100000000000000002222222022222222200001110000000000000000000000000000000000000000000000000002220020222011111110000000000
01111110001000000000000100000000000000000000002222222222222000002000000000000111100000000000000222222222222222202000000100000000000000000000000000000000000000000000000000000000222222001110111100000000
00000000000000000000000000000000000000000000000000000000000000000000000000000000000000000000000000000000000000000000000000000000000000000000000000000000000000000000000000000000000000000000000000000000
